1 - 1 0 0 0 0 1 1 1 1 1
2 - 1 0 0 0 0 1 1 1 1 1
3 - 1 0 0 0 0 1 1 1 1 1
4 - 1 0 0 0 0 1 1 1 1 1
5 - 1 0 0 0 0 1 1 1 1 1
6 - 1 0 0 0 0 1 1 1 1 1
7 - 4 0 0 1 1 3 3 3 3 3
8 - 10 0 0 1 1 10 10 10 6 10
9 - 17 0 0 1 1 14 10 12 10 8
13 - 1 0 0 13 1 13 13 13 26 6
15 - 16 0 0 1 1 12 12 12 28 13
16 - 1 0 0 0 0 1 1 1 1 1
18 - 13 0 0 1 1 13 13 13 7 13
19 - 25 0 0 1 1 25 25 25 13 25
20 - 45 0 0 1 1 35 35 35 20 40
50 - 300 10 10 200 0 250 350 400 350 400
51 - 280 221 221 210 210 278 280 280 300 360
64 - 50 0 0 0 0 50 50 50 0 50
78 - 40 0 0 0 0 10 20 20 20 20
95 - 50 0 0 0 0 30 30 30 20 20
96 - 5 0 0 1 1 5 5 5 1 1
113 - 41 0 0 0 0 41 41 41 22 41
117 - 86 0 0 0 0 70 70 58 67 67
119 - 80 0 0 0 0 70 70 70 65 70
127 - 75 0 0 0 0 50 50 50 50 50
134 - 100 0 0 0 0 100 100 100 0 100
141 - 70 0 0 0 0 40 40 40 20 20
142 - 25 0 0 0 0 20 20 20 20 20
182 - 50 0 0 0 0 45 40 50 45 45
183 - 50 0 0 0 0 45 40 50 45 45
655 - 121 10 10 170 0 200 215 254 201 320
742 - 121 10 10 170 0 200 215 254 201 320
745 - 500 500 500 500 500 500 500 500 500 500
879 - 20 0 0 0 0 30 30 30 30 30
912 - 0 0 0 85 0 75 75 75 75 75
913 - 0 0 0 85 0 75 75 75 75 75
914 - 0 0 0 85 0 75 75 75 75 75
941 - 121 10 10 124 0 214 215 254 201 320
998 - 0 0 0 0 500 200 200 200 300 40
999 - 500 0 0 0 0 200 200 200 30 400
1000 - 0 0 0 500 0 20 20 20 300 400
1158 - 450 0 0 450 450 450 450 400 400 700
1160 - 450 0 0 450 450 600 600 600 200 550
1216 - 220 220 220 220 200 20 20 20 20 20
1218 - 20 0 0 1 1 30 30 30 10 30
1459 - 70 0 0 1 1 60 60 60 120 60
1460 - 70 0 0 1 1 60 60 60 120 60
1471 - 220 220 220 220 200 20 20 20 20 20
1590 - 260 201 201 190 190 258 260 260 280 340
1591 - 341 18 18 244 240 284 295 301 261 350
1592 - 361 20 20 264 260 301 312 315 281 370
1615 - 73 0 0 1 1 73 40 73 40 73
1624 - 260 201 201 190 190 258 260 260 280 340
1676 - 15 0 0 1 1 20 20 20 20 20
1677 - 15 0 0 1 1 20 20 20 20 20
1678 - 15 0 0 1 1 20 20 20 20 20
1931 - 60 0 0 1 1 25 25 25 25 25
2025 - 0 0 0 172 0 202 184 216 172 99
2026 - 202 0 0 0 0 351 349 333 87 374
2027 - 174 0 0 0 0 358 356 340 88 375
2028 - 0 0 0 0 233 178 170 189 205 199
2029 - 184 0 0 0 0 361 359 343 88 385
2030 - 253 0 0 0 0 320 331 321 99 321
2031 - 74 0 0 0 0 35 36 34 30 24
2032 - 45 0 0 0 0 60 55 50 20 20
2033 - 100 0 0 0 0 90 90 90 90 90
2034 - 65 0 0 0 0 30 30 30 35 50
2035 - 80 0 0 0 0 65 65 70 45 65
2036 - 130 0 0 0 0 105 105 105 80 80
2037 - 130 0 0 0 0 105 105 105 80 80
2044 - 40 0 0 1 1 40 40 40 20 40
2045 - 40 0 0 1 1 40 40 40 20 40
2046 - 40 0 0 1 1 40 40 40 20 40
2047 - 40 0 0 1 1 40 40 40 20 40
2048 - 40 0 0 1 1 40 40 40 20 40
2049 - 40 0 0 1 1 40 40 40 20 40
2050 - 40 0 0 1 1 40 40 40 20 40
2051 - 40 0 0 1 1 40 40 40 20 40
2052 - 40 0 0 1 1 40 40 40 20 40
2053 - 40 0 0 1 1 40 40 40 20 40
2054 - 40 0 0 1 1 40 40 40 20 40
2055 - 40 0 0 1 1 40 40 40 20 40
2056 - 40 0 0 1 1 40 40 40 20 40
2057 - 40 0 0 1 1 40 40 40 20 40
2060 - 120 0 0 120 120 60 60 10 160 1
2355 - 180 0 0 150 150 325 325 325 275 370
2417 - 250 0 0 180 90 200 200 200 150 300
2709 - 100 0 0 100 0 5000 5000 5000 15 5000
2710 - 100 0 0 100 0 5000 5000 5000 15 5000
2711 - 100 0 0 100 0 5000 5000 5000 15 5000
2712 - 100 0 0 100 0 5000 5000 5000 15 5000
2734 - 20 0 0 0 0 20 20 20 50 20
2737 - 40 0 0 0 0 45 47 50 70 70
2738 - 20 0 0 0 0 23 24 25 35 35
2739 - 80 0 0 0 80 135 135 150 150 100
2741 - 160 0 0 0 0 190 185 185 180 125
2743 - 200 0 0 320 250 350 350 350 300 250
2745 - 2000 2000 2000 2000 2000 400 500 500 500 400
2783 - 300 0 0 300 2 235 235 235 600 35
2881 - 115 0 0 90 200 150 150 150 300 200
2882 - 115 0 0 250 100 300 300 300 200 150
2883 - 250 0 0 90 90 200 200 200 150 300
2887 - 1 0 0 1 100 50 50 70 150 150
2888 - 100 0 0 1 1 50 50 70 150 150
2889 - 140 0 0 1 1 200 200 20 30 400
2892 - 10 0 0 50 15 10 10 10 10 10
2894 - 1 0 0 200 1 70 70 70 70 70
2894 - 1 0 0 200 1 70 70 70 70 70
2895 - 100 0 0 1 1 250 250 250 250 250
2896 - 10 0 0 50 15 10 10 10 10 10
3058 - 900 0 0 160 20 450 450 450 0 180
3063 - 1000 0 0 340 800 250 500 300 290 120
3064 - 450 0 0 300 550 350 350 350 0 400
3068 - 120 0 0 120 120 60 60 10 160 1
3069 - 120 0 0 120 120 60 60 10 160 1
3070 - 120 0 0 120 120 60 60 10 160 1
3071 - 120 0 0 120 120 60 60 10 160 1
3334 - 250 0 0 180 90 200 200 200 150 300
3340 - 80 0 0 0 0 300 300 300 250 300
3346 - 60 0 0 1 1 75 75 75 85 95
3347 - 60 0 0 1 1 75 75 75 85 95
3375 - 0 0 0 200 0 200 200 200 200 200
3406 - 20 0 0 1 1 20 20 20 30 10
3449 - 41 0 0 0 0 41 41 41 22 41
3450 - 400 0 0 0 0 200 200 200 200 200
3590 - 361 20 20 264 260 301 312 315 281 370
3707 - 50 0 0 1 1 50 30 35 40 20
3727 - 40 0 0 0 0 15 20 23 18 18
3728 - 45 0 0 0 0 15 20 23 19 18
3729 - 50 0 0 0 0 17 23 27 19 18
3730 - 60 0 0 0 0 20 25 30 20 20
3731 - 75 0 0 0 0 40 35 45 30 35
3732 - 110 0 0 0 0 70 65 45 6 80
3733 - 110 0 0 0 0 70 65 45 6 80
3734 - 115 0 0 0 0 75 70 50 7 90
3735 - 115 0 0 0 0 75 70 50 7 90
3736 - 120 0 0 0 0 80 75 55 8 94
3737 - 120 0 0 0 0 80 75 55 8 94
3738 - 130 0 0 0 0 85 80 60 10 99
3739 - 130 0 0 0 0 85 80 60 10 99
3740 - 190 0 0 0 0 120 120 95 15 120
3741 - 190 0 0 0 0 120 120 95 15 120
3742 - 140 0 0 0 0 65 65 110 10 100
3743 - 140 0 0 0 0 65 65 110 10 100
3744 - 150 0 0 0 0 80 80 125 10 120
3745 - 150 0 0 0 0 80 80 125 10 120
3746 - 175 0 0 0 0 95 95 150 10 150
3747 - 80 0 0 0 0 73 73 73 25 81
3748 - 80 0 0 0 0 73 73 73 25 81
3749 - 90 0 0 0 0 76 76 76 27 85
3750 - 90 0 0 0 0 76 76 76 27 85
3751 - 100 0 0 0 0 80 80 80 30 90
3752 - 85 0 0 70 0 27 56 56 100 37
3753 - 85 0 0 70 0 27 56 56 100 37
3754 - 90 0 0 75 0 30 60 60 110 40
3755 - 90 0 0 75 0 30 60 60 110 40
3756 - 90 0 0 75 0 30 60 60 110 40
3757 - 90 0 0 75 0 30 60 60 110 40
3758 - 100 0 0 80 0 45 80 70 120 45
3759 - 100 0 0 80 0 45 80 70 120 45
3760 - 100 0 0 80 0 45 80 70 120 45
3761 - 100 0 0 80 0 45 80 70 120 45
3762 - 92 0 0 0 80 13 48 51 57 95
3763 - 92 0 0 0 80 13 48 51 57 95
3764 - 95 0 0 0 80 13 48 51 57 95
3765 - 95 0 0 0 80 13 48 51 57 95
3766 - 95 0 0 0 80 13 48 51 57 95
3767 - 95 0 0 0 80 13 48 51 57 95
3768 - 100 0 0 0 90 15 60 60 60 100
3769 - 100 0 0 0 90 15 60 60 60 100
3770 - 100 0 0 0 90 15 60 60 60 100
3771 - 100 0 0 0 90 15 60 60 60 100
3772 - 150 0 0 0 0 110 100 100 70 130
3773 - 175 0 0 0 0 115 110 120 76 140
3774 - 175 0 0 0 0 115 110 120 76 140
3775 - 200 0 0 0 0 120 120 125 80 150
3776 - 200 0 0 0 0 120 120 125 80 150
3782 - 100 50 50 70 70 60 60 60 60 60
3784 - 100 50 50 70 70 60 60 60 60 60
3785 - 100 50 50 70 70 60 60 60 60 60
3808 - 100 0 0 100 100 80 80 80 20 100
3819 - 70 0 0 1 1 80 80 80 20 100
4397 - 0 0 0 80 0 30 40 30 100 30
4398 - 0 0 0 90 0 50 80 70 180 80
4399 - 0 0 0 110 0 50 80 70 180 80
4400 - 70 0 0 0 0 65 65 60 65 65
4413 - 15 0 0 0 0 0 10 10 0 10
4414 - 10 0 0 0 0 0 10 10 0 10
4418 - 300 0 0 1 1 90 90 90 40 500
4527 - 220 0 0 220 1 75 75 75 400 60
4528 - 220 0 0 220 1 75 75 75 400 60
4529 - 220 0 0 220 1 75 75 75 400 60
4530 - 220 0 0 220 1 75 75 75 400 60
4531 - 220 0 0 220 1 75 75 75 400 60
4532 - 220 0 0 220 1 75 75 75 400 60
4533 - 220 0 0 220 1 75 75 75 400 60
4677 - 121 10 10 124 0 214 215 254 201 320
4678 - 121 10 10 124 0 214 215 254 201 320
4679 - 121 10 10 124 0 214 215 254 201 320
4680 - 121 10 10 124 0 214 215 254 201 320
4706 - 0 0 0 500 0 140 140 120 10 45
5044 - 25 0 0 25 25 25 25 25 25 25
5045 - 25 0 0 25 25 25 25 25 25 25
5080 - 1 0 0 1 1 5 5 5 0 5
5176 - 100 0 0 1 1 120 120 120 100 300
5181 - 100 0 0 1 1 120 120 120 100 300
5184 - 100 0 0 1 1 120 120 120 100 300
5187 - 100 0 0 1 1 120 120 120 100 300
5190 - 100 0 0 1 1 120 120 120 100 300
5193 - 100 0 0 1 1 120 120 120 100 300
5218 - 100 0 0 25 25 25 50 50 50 50
5219 - 100 0 0 25 25 25 50 50 50 50
5361 - 100 100 100 200 400 300 300 300 300 300
5362 - 281 20 20 224 250 300 300 300 276 357
5363 - 381 25 25 284 280 312 321 325 301 390
5364 - 400 0 0 400 400 150 300 300 165 175
5417 - 120 0 0 1 1 150 90 150 200 200
5418 - 100 0 0 1 1 130 70 130 180 180
5529 - 20 0 0 1 1 20 20 20 20 20
6046 - 70 0 0 0 0 40 40 40 20 20
6047 - 25 0 0 0 0 20 20 20 20 20
6203 - 600 0 0 0 400 500 350 500 300 600
6204 - 300 0 0 0 0 300 300 300 200 200
6206 - 100 0 0 0 300 300 300 300 200 200
6208 - 100 0 0 0 0 300 300 300 200 200
6210 - 85 0 0 1 1 50 50 50 50 50
6211 - 5 0 0 1 1 2 2 2 2 2
6212 - 65 0 0 1 1 40 40 40 20 40
6213 - 65 0 0 1 1 40 40 40 20 40
6214 - 60 0 0 1 1 40 40 40 10 80
6215 - 100 0 0 1 1 20 60 10 90 30
6216 - 35 0 0 1 1 15 15 15 1 30
6218 - 140 0 0 1 1 70 70 70 10 120
6219 - 110 0 0 1 1 40 40 40 20 90
6220 - 1 0 0 1 110 20 20 20 130 90
6221 - 1 0 0 110 1 30 30 30 200 20
6222 - 400 0 0 0 650 300 0 0 500 300
6223 - 100 0 0 0 0 300 300 300 200 200
6225 - 600 0 0 0 300 100 300 300 200 200
6227 - 300 0 0 0 0 100 300 300 200 200
6229 - 80 0 0 1 1 80 80 80 30 60
6230 - 1 0 0 1 80 60 120 40 160 110
6231 - 1 0 0 60 1 100 100 100 190 10
6232 - 1 0 0 1 60 70 70 70 130 75
6233 - 1 0 0 1 65 80 80 80 130 75
6234 - 1 0 0 1 70 80 80 80 130 75
6235 - 1 0 0 1 72 80 80 80 130 75
6236 - 1 0 0 1 70 80 80 80 130 75
6237 - 1 0 0 1 85 90 90 50 190 55
6238 - 1 0 0 1 95 90 90 80 190 55
6239 - 1 0 0 1 105 100 100 100 400 65
6240 - 1 0 0 1 75 70 70 70 130 70
6241 - 1 0 0 1 65 50 50 50 130 70
6242 - 1 0 0 1 70 70 70 70 130 50
6243 - 1 0 0 1 80 70 70 70 130 70
6244 - 1 0 0 1 85 60 60 60 190 55
6245 - 1 0 0 1 75 70 70 70 130 70
6246 - 1 0 0 1 100 60 60 60 300 65
6247 - 450 0 0 450 0 500 500 350 300 600
6248 - 100 0 0 0 0 300 300 300 200 350
6250 - 0 0 0 100 0 300 300 300 20 300
6252 - 0 0 0 0 200 300 250 300 250 350
6254 - 1 0 0 60 1 50 50 50 490 20
6255 - 60 0 0 1 1 100 100 100 10 80
6256 - 1 0 0 1 60 80 80 80 150 100
6257 - 1 0 0 80 1 60 50 40 300 20
6258 - 90 0 0 1 1 75 75 75 10 210
6259 - 85 0 0 1 1 70 70 70 30 120
6260 - 600 0 0 0 300 400 350 300 200 400
6261 - 100 0 0 0 200 100 300 300 200 350
6263 - 0 0 0 50 0 300 300 300 20 300
6265 - 0 0 0 0 100 300 250 300 250 350
6268 - 50 0 0 0 0 50 50 50 25 60
6269 - 80 0 0 0 0 50 40 40 15 30
6270 - 80 0 0 0 0 50 40 40 15 30
6271 - 95 0 0 0 0 70 70 70 30 70
6272 - 95 0 0 0 0 70 70 70 30 70
6273 - 95 0 0 0 0 70 70 70 30 70
6274 - 95 0 0 0 0 70 70 70 30 70
6275 - 40 0 0 0 0 20 20 20 10 40
6276 - 1 0 0 1 80 80 80 80 70 120
6277 - 80 0 0 1 1 70 70 70 20 80
6278 - 1 0 0 90 1 40 40 40 190 20
6279 - 15 0 0 1 1 10 10 10 5 5
6280 - 10 0 0 1 1 8 8 8 5 5
6281 - 10 0 0 1 1 8 8 8 5 5
6282 - 12 0 0 1 1 9 9 9 5 5
6283 - 10 0 0 1 1 10 10 10 5 5
6358 - 300 100 100 200 0 250 350 400 350 400
6363 - 90 90 90 1 1 80 80 80 30 150
6364 - 90 90 90 1 1 80 80 80 30 150
6365 - 1 1 1 1 110 40 40 40 150 80
6366 - 1 1 1 1 110 40 40 40 150 80
6367 - 1 1 1 85 1 60 60 60 350 5
6368 - 1 1 1 85 1 60 60 60 350 5
6369 - 40 1 1 1 1 25 25 25 25 25
6371 - 20 1 1 1 1 15 15 15 5 5
6372 - 20 1 1 1 1 15 15 15 5 5
6794 - 130 0 0 100 170 240 240 240 220 260
6795 - 130 0 0 100 170 240 240 240 220 260
6813 - 130 0 0 0 0 250 250 250 100 250
6814 - 130 0 0 0 0 200 200 200 100 250
6822 - 125 0 0 0 0 200 200 200 150 250
6823 - 125 0 0 0 0 200 200 200 150 250
6873 - 150 0 0 0 0 250 250 250 100 300
6874 - 150 0 0 0 0 250 250 250 100 300
7078 - 90 0 0 0 0 120 120 120 120 80
7079 - 80 0 0 0 0 110 110 110 110 70
7080 - 80 0 0 0 0 110 110 110 110 70
7081 - 70 0 0 0 0 100 100 100 100 60
7082 - 70 0 0 0 0 100 100 100 100 60
7133 - 400 0 0 400 400 150 300 300 165 175
7134 - 400 0 0 400 400 150 300 300 165 175
7135 - 100 52 52 100 100 70 75 75 80 82
7329 - 190 0 0 250 225 295 295 295 370 275
7330 - 190 0 0 250 225 295 295 295 370 275
7339 - 190 0 0 190 190 325 325 325 325 325
7340 - 190 0 0 190 190 325 325 325 325 325
7341 - 180 0 0 150 150 325 325 325 275 370
7342 - 180 0 0 150 150 325 325 325 275 370
7343 - 200 0 0 230 250 350 350 350 300 400
7344 - 200 0 0 230 250 350 350 350 300 400
7349 - 150 0 0 150 150 250 300 250 200 255
7350 - 150 0 0 150 150 250 300 250 200 255
7356 - 185 0 0 150 150 325 325 325 275 370
7357 - 185 0 0 150 150 325 325 325 275 370
7358 - 185 0 0 150 150 325 325 325 275 370
7359 - 185 0 0 150 150 325 325 325 275 370
7360 - 185 0 0 150 150 325 325 325 275 370
7375 - 195 0 0 150 250 350 350 350 280 400
7376 - 195 0 0 150 250 350 350 350 280 400
7379 - 90 0 0 0 0 120 105 85 20 85
7640 - 80 0 0 1 1 40 40 40 40 40
7641 - 90 0 0 1 1 40 40 40 40 40
7642 - 150 0 0 1 1 80 80 80 80 80
7643 - 170 0 0 1 1 80 80 80 80 80
8133 - 700 0 0 250 0 200 400 400 500 400
8149 - 100 0 0 90 150 125 125 125 275 175
8312 - 90 0 0 0 0 120 105 85 20 85
8313 - 90 0 0 0 0 120 105 85 20 85
8314 - 90 0 0 0 0 120 105 85 20 85
8315 - 90 0 0 0 0 120 105 85 20 85
8316 - 0 0 0 0 85 75 55 45 180 120
8317 - 0 0 0 0 85 75 55 45 180 120
8318 - 0 0 0 0 85 75 55 45 180 120
8319 - 0 0 0 0 85 75 55 45 180 120
8320 - 0 0 0 85 0 50 40 35 150 45
8321 - 0 0 0 85 0 50 40 35 150 45
8322 - 0 0 0 85 0 50 40 35 150 45
8323 - 0 0 0 85 0 50 40 35 150 45
8324 - 160 0 0 1 1 280 180 145 30 188
8325 - 160 0 0 1 1 280 180 145 30 188
8326 - 160 0 0 1 1 280 180 145 30 188
8327 - 160 0 0 1 1 280 180 145 30 188
8335 - 400 300 300 500 650 300 300 300 300 300
8349 - 450 0 0 450 450 150 300 300 150 200
8350 - 450 0 0 450 450 150 300 300 150 200
8351 - 450 0 0 450 450 150 300 300 150 200
8352 - 450 0 0 450 450 150 300 300 150 200
8353 - 450 0 0 450 450 150 300 300 150 200
8354 - 450 0 0 450 450 150 300 300 150 200
8355 - 450 0 0 450 450 150 300 300 150 200
8356 - 450 0 0 450 450 150 300 300 150 200
8357 - 450 0 0 450 450 150 300 300 150 200
8358 - 450 0 0 450 450 150 300 300 150 200
8359 - 450 0 0 450 450 150 300 300 150 200
8360 - 450 0 0 450 450 150 300 300 150 200
8361 - 450 0 0 450 450 150 300 300 150 200
8362 - 450 0 0 450 450 150 300 300 150 200
8363 - 450 0 0 450 450 150 300 300 150 200
8364 - 450 0 0 450 450 150 300 300 150 200
8365 - 450 0 0 450 450 150 300 300 150 200
8366 - 450 0 0 450 450 150 300 300 150 200
8422 - 500 500 500 500 500 500 500 500 500 500
8528 - 200 0 0 150 0 250 350 350 250 400
8529 - 200 0 0 150 0 250 350 350 250 400
8771 - 200 0 0 90 90 175 175 175 125 250
8772 - 100 0 0 90 90 75 75 75 25 50
8773 - 100 0 0 90 90 75 75 75 25 50
8774 - 100 0 0 90 90 75 75 75 25 50
8776 - 100 0 0 90 150 125 125 125 275 175
8777 - 100 0 0 90 150 125 125 125 275 175
8778 - 40 0 0 1 1 50 60 50 20 50
8779 - 40 0 0 1 1 50 60 50 20 50
8781 - 100 0 0 90 125 125 125 125 275 175
8782 - 100 0 0 90 125 125 125 125 275 175
8783 - 200 0 0 90 90 175 175 175 125 250
8784 - 200 0 0 90 90 175 175 175 125 250
8799 - 100 0 0 90 150 125 125 125 275 175
8800 - 100 0 0 90 150 125 125 125 275 175
9052 - 100 100 100 200 400 300 300 300 300 300
9172 - 1 0 0 140 1 90 90 90 400 40
9176 - 250 150 150 150 150 250 250 250 250 250
9356 - 150 30 30 210 0 300 295 314 301 3800
9463 - 200 0 0 150 0 379 398 454 377 387
9465 - 200 0 0 150 0 379 398 454 377 387
9467 - 200 0 0 150 0 379 398 454 377 387
9903 - 200 50 50 70 70 120 120 120 120 120
9948 - 70 70 70 70 70 80 100 80 100 100
9948 - 70 70 70 70 70 80 100 80 100 100
9949 - 70 70 70 70 70 80 100 80 100 100
9950 - 70 70 70 70 70 80 100 80 100 100
9951 - 70 70 70 70 70 80 100 80 100 100
9952 - 70 70 70 70 70 80 100 80 100 100
9953 - 70 70 70 70 70 80 100 80 100 100
9954 - 150 150 150 150 150 150 200 150 200 200
9955 - 150 150 150 150 150 100 125 100 125 125
9956 - 200 200 200 200 200 200 250 200 250 250
9957 - 200 200 200 200 200 200 250 200 250 250
9958 - 200 200 200 200 200 200 250 200 250 250
9959 - 200 200 200 200 200 200 250 200 250 250
9960 - 200 200 200 200 200 200 250 200 250 250
9961 - 200 200 200 200 200 200 250 200 250 250
9962 - 300 300 300 300 300 300 400 300 400 400
9963 - 400 400 400 400 400 350 480 350 480 480
9964 - 500 500 500 500 500 400 500 400 500 500
9965 - 70 0 0 120 0 200 200 200 150 0
9966 - 70 0 0 120 0 200 200 200 150 0
9967 - 70 0 0 120 0 200 200 200 150 0
9968 - 70 0 0 120 0 200 200 200 150 0
9969 - 70 0 0 120 0 200 200 200 150 0
9970 - 70 0 0 120 0 200 200 200 150 0
9971 - 70 0 0 120 0 200 200 200 150 0
9972 - 70 0 0 120 0 200 200 200 150 0
9973 - 70 0 0 120 0 200 200 200 150 0
9974 - 70 0 0 120 0 200 200 200 150 0
9975 - 70 0 0 120 0 200 200 200 150 0
9976 - 70 0 0 120 0 200 200 200 150 0
9977 - 70 0 0 120 0 200 200 200 150 0
9978 - 70 0 0 120 0 200 200 200 150 0
9979 - 70 0 0 120 0 200 200 200 150 0
9980 - 70 0 0 120 0 200 200 200 150 0
9981 - 70 0 0 120 0 200 200 200 150 0
9982 - 70 0 0 120 0 200 200 200 150 0
9983 - 70 0 0 120 0 200 200 200 150 0
9984 - 70 0 0 120 0 200 200 200 150 0
9985 - 70 0 0 120 0 200 200 200 150 0
9986 - 70 0 0 120 0 200 200 200 150 0
9987 - 70 0 0 120 0 200 200 200 150 0
9988 - 70 0 0 120 0 200 200 200 150 0
9989 - 70 0 0 120 0 200 200 200 150 0
9990 - 70 0 0 120 0 200 200 200 150 0
9991 - 70 0 0 120 0 200 200 200 150 0
9992 - 100 0 0 150 0 250 250 250 200 0
9993 - 100 0 0 150 0 250 250 250 200 0
9994 - 100 0 0 150 0 250 250 250 200 0
9995 - 140 0 0 200 0 300 300 300 250 0
9996 - 140 0 0 200 0 300 300 300 250 0
9997 - 140 0 0 200 0 300 300 300 250 0
9998 - 140 0 0 200 0 300 300 300 250 0
9999 - 140 0 0 200 0 300 300 300 250 0
10000 - 140 0 0 200 0 300 300 300 250 0
10001 - 140 0 0 200 0 300 300 300 250 0
10002 - 160 0 0 240 0 325 325 325 275 0
10003 - 160 0 0 240 0 325 325 325 275 0
10004 - 160 0 0 240 0 325 325 325 275 0
10005 - 160 0 0 240 0 325 325 325 275 0
10006 - 160 0 0 240 0 325 325 325 275 0
10007 - 160 0 0 240 0 325 325 325 275 0
10008 - 160 0 0 240 0 325 325 325 275 0
10009 - 160 0 0 240 0 325 325 325 275 0
10010 - 180 0 0 260 0 400 400 400 350 0
10011 - 180 0 0 260 0 400 400 400 350 0
10012 - 180 0 0 260 0 400 400 400 350 0
10013 - 180 0 0 260 0 400 400 400 350 0
10014 - 180 0 0 260 0 400 400 400 350 0
10015 - 180 0 0 260 0 400 400 400 350 0
10016 - 200 0 0 300 0 500 500 500 425 0
10017 - 200 0 0 300 0 500 500 500 425 0
10018 - 200 0 0 300 0 500 500 500 425 0
10019 - 200 0 0 300 0 500 500 500 425 0
10020 - 200 0 0 300 0 500 500 500 425 0
10021 - 200 0 0 300 0 500 500 500 425 0
10116 - 100 50 50 70 70 60 60 60 60 60
10465 - 120 80 80 80 80 150 125 95 30 95
10495 - 200 0 0 0 0 200 200 200 100 290
10604 - 121 10 10 124 0 214 215 254 201 320
10605 - 121 10 10 124 0 214 215 254 201 320
10606 - 121 10 10 124 0 214 215 254 201 320
10607 - 121 10 10 124 0 214 215 254 201 320
10608 - 121 10 10 124 0 214 215 254 201 320
10609 - 121 10 10 124 0 214 215 254 201 320
10717 - 380 0 0 0 0 100 90 120 100 230
10761 - 700 0 0 0 0 300 300 300 0 0
10769 - 600 0 0 0 0 170 90 140 50 320
10776 - 341 18 18 244 240 284 295 301 261 350
10777 - 341 18 18 244 240 284 295 301 261 350
10778 - 341 18 18 244 240 284 295 301 261 350
10779 - 341 18 18 244 240 284 295 301 261 350
10780 - 341 18 18 244 240 284 295 301 261 350
10781 - 341 18 18 244 240 284 295 301 261 350
11696 - 210 0 0 0 0 87 84 96 250 65
11871 - 280 0 0 240 200 310 390 450 400 450
11872 - 2000 2000 2000 2000 2000 400 500 500 500 400
11895 - 130 0 0 200 0 70 70 70 150 80
11902 - 170 0 0 240 0 85 85 85 180 90
11909 - 230 0 0 280 0 150 150 200 250 110
11910 - 50 0 0 0 0 5 25 20 45 20
11916 - 90 0 0 0 0 45 65 50 60 40
11924 - 120 0 0 0 0 55 85 75 80 65
11925 - 155 0 0 220 0 110 110 110 190 100
11930 - 220 0 0 280 0 140 130 140 220 110
11939 - 290 0 0 310 0 145 175 160 300 130
12825 - 250 250 250 250 250 250 250 250 250 250
12841 - 400 0 0 290 180 270 290 230 400 365
12862 - 350 0 0 200 250 100 50 50 50 50
12878 - 155 0 0 220 0 110 110 110 190 100
13447 - 600 300 300 300 600 1000 1100 1100 1100 1000
13448 - 600 300 300 300 600 1000 1100 1100 1100 1000
13449 - 600 300 300 300 600 1000 1100 1100 1100 1000
13450 - 600 300 300 300 600 1000 1100 1100 1100 1000
13465 - 10 0 0 8 12 7 7 7 5 8
13466 - 12 0 0 10 15 8 8 8 6 10
13467 - 15 0 0 12 18 10 10 10 7 12
13468 - 18 0 0 15 22 12 12 12 8 15
13469 - 22 0 0 18 27 15 15 15 10 18
13470 - 27 0 0 22 33 18 18 18 12 22
13471 - 33 0 0 27 41 22 22 22 15 27
13472 - 41 0 0 33 51 27 27 27 18 33
13473 - 51 0 0 41 63 33 33 33 22 41
13474 - 63 0 0 51 78 41 41 41 27 51
13475 - 78 0 0 63 97 51 51 51 33 63
13476 - 97 0 0 78 121 63 63 63 41 78
13477 - 121 0 0 97 151 78 78 78 51 97
13478 - 151 0 0 121 188 97 97 97 63 121
13479 - 188 0 0 151 235 121 121 121 78 151
13480 - 235 0 0 188 293 151 151 151 97 188
13481 - 293 0 0 235 366 188 188 188 121 235
13820 - 80 0 0 50 50 70 70 70 50 70
13821 - 180 0 0 70 70 120 120 120 75 130
13822 - 250 0 0 90 90 200 200 200 150 300
14256 - 10 10 10 10 10 10 10 10 10 10
14297 - 170 0 0 170 170 150 150 150 150 150
14298 - 170 0 0 170 170 150 150 150 150 150
14299 - 170 0 0 170 170 150 150 150 150 150
14300 - 170 0 0 170 170 150 150 150 150 150
14301 - 115 0 0 250 100 300 300 300 200 150
14416 - 240 240 240 220 210 150 150 150 150 150
14436 - 80 0 0 0 0 250 250 250 50 300
14483 - 80 0 0 0 0 150 150 150 100 100
14502 - 300 0 0 900 180 200 200 200 30 400
14548 - 121 10 10 170 0 200 215 254 201 320
14550 - 700 0 0 500 300 100 100 100 500 300
14578 - 20 0 0 0 0 30 30 30 30 30
14688 - 70 0 0 160 0 5000 5000 5000 45 5000
14690 - 100 0 0 100 0 5000 5000 5000 15 5000
14692 - 50 0 0 50 0 5000 5000 5000 5 5000
14694 - 70 0 0 100 0 5000 5000 5000 15 5000
14696 - 200 0 0 150 0 100 100 100 100 100
14698 - 60 0 0 69 69 50 60 59 50 40
14699 - 60 0 0 69 69 50 60 59 50 40
14700 - 70 0 0 120 0 5000 5000 5000 30 5000
14741 - 500 500 500 2000 10000 150 150 150 150 150
15187 - 600 0 0 450 620 300 550 290 1500 300
15201 - 80 0 0 0 0 45 47 50 30 70
15202 - 0 0 0 0 140 150 200 200 200 300
15203 - 160 0 0 80 0 200 200 200 200 200
15204 - 320 0 0 0 0 150 185 185 80 250
15205 - 160 0 0 0 160 135 150 150 80 200
15206 - 320 0 0 0 0 190 185 185 80 250
15207 - 400 0 0 320 250 350 350 350 300 400
15208 - 2000 2000 2000 2000 2000 1000 1000 1000 150 1000
15209 - 200 0 0 0 250 250 250 500 400 550
15210 - 200 0 0 190 0 500 500 500 400 300
15211 - 0 0 0 0 0 1000 1000 1000 150 1000
15213 - 200 0 0 0 0 250 250 250 80 300
15214 - 200 0 0 0 0 250 250 250 80 300
15222 - 200 200 200 200 200 10 10 10 10 10
15454 - 0 0 0 0 0 100 100 100 100 100
15464 - 157 100 100 88 4 107 198 124 178 157
15506 - 0 0 0 0 0 10 10 10 200 10
15507 - 0 0 0 0 0 200 200 200 10 200
15510 - 112 100 100 178 4 175 142 285 235 195
15581 - 1200 0 0 1000 1000 500 500 500 1000 900
16697 - 6500 0 0 6500 6500 650 650 600 600 750
16698 - 6500 0 0 6500 6500 650 650 600 600 750
16699 - 6500 0 0 6500 6500 650 650 600 600 750
18621 - 500 500 500 500 500 150 400 350 150 500
19457 - 112 50 20 100 1800 500 500 500 700 10
20290 - 500 500 500 500 500 200 100 100 100 500
21135 - 451 35 35 354 350 372 371 385 351 458
21136 - 551 65 65 454 450 472 250 250 250 250
21137 - 551 65 65 454 450 472 471 485 451 558
21140 - 551 65 65 454 450 472 471 485 451 558
22320 - 400 400 200 -1 500 300 300 300 300 300
22453 - 650 650 650 605 605 250 250 250 250 250
22454 - 650 650 650 605 605 250 250 250 250 250
